-1.000000 0.000000 
-1.000000 -0.111111 
-1.000000 -0.222222 
-1.000000 -0.333333 
-1.000000 -0.444444 
-1.000000 -0.555556 
-1.000000 -0.666667 
-1.000000 -0.777778 
-1.000000 -0.888889 
-1.000000 -1.000000 
-0.900000 -1.000000 
-0.787500 -1.000000 
-0.675000 -1.000000 
-0.562500 -1.000000 
-0.450000 -1.000000 
-0.337500 -1.000000 
-0.225000 -1.000000 
-0.112500 -1.000000 
0.000000 -1.000000 
---
0.000000 -1.000000 
0.000000 -0.973684 
0.000000 -0.947368 
0.000000 -0.921053 
0.000000 -0.894737 
0.000000 -0.868421 
0.000000 -0.842105 
0.000000 -0.815789 
0.000000 -0.789474 
0.000000 -0.763158 
0.000000 -0.736842 
0.000000 -0.710526 
0.000000 -0.684211 
0.000000 -0.657895 
0.000000 -0.631579 
0.000000 -0.605263 
0.000000 -0.578947 
0.000000 -0.552632 
0.000000 -0.526316 
0.000000 -0.500000 
---
-0.000000 -0.500000 
-0.041290 -0.498292 
-0.082297 -0.493181 
-0.122743 -0.484700 
-0.162350 -0.472909 
-0.200848 -0.457887 
-0.237974 -0.439737 
-0.273474 -0.418583 
-0.307106 -0.394570 
-0.338641 -0.367862 
-0.367862 -0.338641 
-0.394570 -0.307106 
-0.418583 -0.273474 
-0.439737 -0.237974 
-0.457887 -0.200848 
-0.472909 -0.162350 
-0.484700 -0.122743 
-0.493181 -0.082297 
-0.498292 -0.041290 
-0.500000 0.000000 
---
-0.500000 0.000000 
-0.526316 0.000000 
-0.552632 0.000000 
-0.578947 0.000000 
-0.605263 0.000000 
-0.631579 0.000000 
-0.657895 0.000000 
-0.684211 0.000000 
-0.710526 0.000000 
-0.736842 0.000000 
-0.763158 0.000000 
-0.789474 0.000000 
-0.815789 0.000000 
-0.842105 0.000000 
-0.868421 0.000000 
-0.894737 0.000000 
-0.921053 0.000000 
-0.947368 0.000000 
-0.973684 0.000000 
-1.000000 0.000000 
---
