0.000000 1.000000 
0.000000 0.947368 
0.000000 0.894737 
0.000000 0.842105 
0.000000 0.789474 
0.000000 0.736842 
0.000000 0.684211 
0.000000 0.631579 
0.000000 0.578947 
0.000000 0.526316 
0.000000 0.473684 
0.000000 0.421053 
0.000000 0.368421 
0.000000 0.315789 
0.000000 0.263158 
0.000000 0.210526 
0.000000 0.157895 
0.000000 0.105263 
0.000000 0.052632 
0.000000 0.000000 
---
0.000000 0.000000 
0.052632 0.000000 
0.105263 0.000000 
0.157895 0.000000 
0.210526 0.000000 
0.263158 0.000000 
0.315789 0.000000 
0.368421 0.000000 
0.421053 0.000000 
0.473684 0.000000 
0.526316 0.000000 
0.578947 0.000000 
0.631579 0.000000 
0.684211 0.000000 
0.736842 0.000000 
0.789474 0.000000 
0.842105 0.000000 
0.894737 0.000000 
0.947368 0.000000 
1.000000 0.000000 
---
1.000000 0.000000 
1.000000 0.052632 
1.000000 0.105263 
1.000000 0.157895 
1.000000 0.210526 
1.000000 0.263158 
1.000000 0.315789 
1.000000 0.368421 
1.000000 0.421053 
1.000000 0.473684 
1.000000 0.526316 
1.000000 0.578947 
1.000000 0.631579 
1.000000 0.684211 
1.000000 0.736842 
1.000000 0.789474 
1.000000 0.842105 
1.000000 0.894737 
1.000000 0.947368 
1.000000 1.000000 
---
1.000000 1.000000 
0.947368 1.000000 
0.894737 1.000000 
0.842105 1.000000 
0.789474 1.000000 
0.736842 1.000000 
0.684211 1.000000 
0.631579 1.000000 
0.578947 1.000000 
0.526316 1.000000 
0.473684 1.000000 
0.421053 1.000000 
0.368421 1.000000 
0.315789 1.000000 
0.263158 1.000000 
0.210526 1.000000 
0.157895 1.000000 
0.105263 1.000000 
0.052632 1.000000 
0.000000 1.000000 
---
