0.099078 0.521866 
0.101382 0.454811 
0.101382 0.399417 
0.101382 0.344023 
0.101382 0.279883 
0.101382 0.230321 
0.101382 0.180758 
0.131336 0.177843 
0.175868 0.175868 
0.211982 0.180758 
0.251152 0.183673 
0.294931 0.186589 
0.331797 0.180758 
0.359447 0.186589 
---
0.359447 0.230321 
0.357143 0.276968 
0.357143 0.314869 
0.352652 0.352652 
---
0.347926 0.390671 
0.311060 0.408163 
0.274194 0.448980 
0.264977 0.486880 
0.246544 0.530612 
0.223502 0.536443 
---
0.200461 0.539359 
0.163594 0.545189 
0.131336 0.548105 
0.103687 0.556851 
---
