0.080645 0.708455 
0.089862 0.650146 
0.110599 0.597668 
0.131336 0.542274 
0.161290 0.492711 
0.198157 0.448980 
0.232719 0.413994 
0.276498 0.376093 
0.313364 0.355685 
---
0.345128 0.345128 
0.396313 0.338192 
0.467742 0.352770 
0.509217 0.373178 
0.550691 0.396501 
0.601382 0.419825 
0.661290 0.448980 
0.716590 0.448980 
0.804147 0.451895 
---
0.783410 0.492711 
0.755760 0.539359 
0.707373 0.588921 
0.654378 0.629738 
0.576037 0.667638 
0.520737 0.705539 
0.472350 0.740525 
0.412442 0.763848 
---
0.354839 0.784257 
0.297235 0.798834 
0.232719 0.807580 
0.191244 0.804665 
0.135945 0.790087 
0.101382 0.763848 
0.073733 0.746356 
---
