-0.500000 0.000000 
-0.498292 -0.041290 
-0.493181 -0.082297 
-0.484700 -0.122743 
-0.472909 -0.162350 
-0.457887 -0.200848 
-0.439737 -0.237974 
-0.418583 -0.273474 
-0.394570 -0.307106 
-0.367862 -0.338641 
-0.338641 -0.367862 
-0.307106 -0.394570 
-0.273474 -0.418583 
-0.237974 -0.439737 
-0.200848 -0.457887 
-0.162350 -0.472909 
-0.122743 -0.484700 
-0.082297 -0.493181 
-0.041290 -0.498292 
-0.000000 -0.500000 
---
-0.000000 -0.500000 
0.041290 -0.498292 
0.082297 -0.493181 
0.122743 -0.484700 
0.162350 -0.472909 
0.200848 -0.457887 
0.237974 -0.439737 
0.273474 -0.418583 
0.307106 -0.394570 
0.338641 -0.367862 
0.367862 -0.338641 
0.394570 -0.307106 
0.418583 -0.273474 
0.439737 -0.237974 
0.457887 -0.200848 
0.472909 -0.162350 
0.484700 -0.122743 
0.493181 -0.082297 
0.498292 -0.041290 
0.500000 -0.000000 
---
0.500000 0.000000 
0.498292 0.041290 
0.493181 0.082297 
0.484700 0.122743 
0.472909 0.162350 
0.457887 0.200848 
0.439737 0.237974 
0.418583 0.273474 
0.394570 0.307106 
0.367862 0.338641 
0.338641 0.367862 
0.307106 0.394570 
0.273474 0.418583 
0.237974 0.439737 
0.200848 0.457887 
0.162350 0.472909 
0.122743 0.484700 
0.082297 0.493181 
0.041290 0.498292 
0.000000 0.500000 
---
0.000000 0.500000 
-0.041290 0.498292 
-0.082297 0.493181 
-0.122743 0.484700 
-0.162350 0.472909 
-0.200848 0.457887 
-0.237974 0.439737 
-0.273474 0.418583 
-0.307106 0.394570 
-0.338641 0.367862 
-0.367862 0.338641 
-0.394570 0.307106 
-0.418583 0.273474 
-0.439737 0.237974 
-0.457887 0.200848 
-0.472909 0.162350 
-0.484700 0.122743 
-0.493181 0.082297 
-0.498292 0.041290 
-0.500000 0.000000 
---
