0.140553 0.798834 
0.158986 0.755102 
0.172811 0.711370 
0.191244 0.650146 
0.200461 0.603499 
0.209677 0.551020 
0.214286 0.501458 
0.214286 0.446064 
0.211982 0.402332 
0.207373 0.349854 
0.191244 0.297376 
---
0.184332 0.259475 
0.218894 0.271137 
0.251152 0.285714 
0.305135 0.305135 
0.380184 0.320700 
0.433180 0.326531 
0.481567 0.332362 
0.536866 0.332362 
0.573733 0.326531 
0.619816 0.311953 
---
0.619816 0.358601 
0.629032 0.422741 
0.629032 0.475219 
0.617512 0.562682 
0.603687 0.620991 
0.585253 0.688047 
0.557604 0.755102 
0.529954 0.816327 
0.502304 0.857143 
0.472350 0.895044 
---
0.442396 0.909621 
0.387097 0.912536 
0.324885 0.906706 
0.251152 0.903790 
0.195853 0.892128 
0.142857 0.871720 
0.117512 0.851312 
---